0.000000
0.040283
0.058813
0.040283
0.044312
0.031421
0.013696
0.001611
0.052368
0.064453
0.062036
0.012085
0.062036
0.066064
0.000000
0.070093
0.044312
0.075732
0.020142
0.004028
0.056396
0.060425
0.065259
0.070898
0.024976
0.000806
0.003223
0.063647
0.040283
0.022559
0.045923
0.054785
0.036255
0.050757
0.060425
0.062036
0.058008
0.037061
0.008057
0.028198
0.053979
0.057202
0.055591
0.030615
0.065259
0.030615
0.051563
0.065259
0.033032
0.065259
0.049951
0.049146
0.008862
0.015308
0.059619
0.055591
0.029004
0.042700
0.012085
0.000000
0.071704
0.006445
0.062036
0.012891
0.000000
0.054785
0.070093
0.013696
0.053979
0.036255
0.045923
0.041089
0.029810
0.000000
0.004028
0.000000
0.000000
0.000000
0.000000
0.000000
0.000000
0.000000
0.000000
0.000000
0.000000
0.000000
0.000000
0.000000
0.000000
0.000000
0.000000
0.000000
0.000000
0.000000
0.000000
0.000000
0.000000
0.000000
0.006445
0.000000
0.000000
0.000000
0.000000
0.002417
0.000000
0.000000
0.000000
0.000000
0.000000
0.000000
0.000000
0.000000
0.000000
0.000000
0.000000
0.009668
0.020947
0.000000
0.000000
0.006445
0.000000
0.000000
0.000000
0.048340
0.034644
0.027393
0.047534
0.067676
0.085400
0.075732
0.111987
0.090234
0.108765
0.099902
0.116821
0.163550
0.190137
0.186914
0.182886
0.171606
0.183691
0.173218
0.211084
0.224780
0.174829
0.180469
0.182886
0.157104
0.186108
0.183691
0.181274
0.242505
0.186108
0.230420
0.180469
0.164355
0.193359
0.165161
0.123267
0.156299
0.200610
0.164355
0.169189
0.079761
0.184497
0.132129
0.156299
0.124072
0.088623
0.110376
0.048340
0.092651
0.069287
0.093457
0.022559
0.020947
0.030615
0.019336
0.035449
0.060425
0.016919
0.009668
0.000000
0.000000
0.024976
0.004834
0.000000
0.000000
0.000000
0.000000
0.003223
0.000000
0.000000
0.000000
0.000000
0.000000
0.006445
0.000000
0.000000
0.000806
0.000000
0.000000
0.000000
0.000000
0.020142
0.000000
0.000000
0.000000
0.000000
0.004028
0.016113
0.000000
0.032227
0.000000
0.000000
0.014502
0.000000
0.036255
0.051563
0.068481
0.070093
0.069287
0.124878
0.096680
0.132935
0.167578
0.140186
0.157104
0.145020
0.223169
0.245728
0.250562
0.258618
0.283594
0.269897
0.317432
0.335962
0.352881
0.404443
0.430225
0.389136
0.479370
0.449561
0.517236
0.456812
0.542212
0.541406
0.541406
0.529321
0.592969
0.580884
0.553491
0.588940
0.525293
0.540601
0.518042
0.569604
0.543823
0.519653
0.558325
0.451172
0.499512
0.477759
0.403638
0.398804
0.381079
0.406055
0.369800
0.339990
0.260229
0.254590
0.245728
0.174023
0.205444
0.180469
0.132935
0.146631
0.099902
0.103931
0.049146
0.074121
0.004028
0.061230
0.016113
0.000000
0.028198
0.000000
0.031421
0.011279
0.000000
0.000000
0.000000
0.000000
0.000000
0.000000
0.000000
0.000000
0.009668
0.000000
0.000000
0.000000
0.000000
0.000000
0.000000
0.000000
0.000000
0.000000
0.000000
0.000000
0.000000
0.000000
0.000000
0.000000
0.000000
0.000000
0.012891
0.000000
0.000000
0.000000
0.000000
0.000000
0.000000
0.000000
0.000806
0.000000
0.004028
0.000000
0.000000
0.000000
0.000000
0.000000
0.000000
0.000000
0.000000
0.000000
0.000000
0.000000
0.000000
0.000000
0.000000
0.000000
0.000000
0.000000
0.000000
0.000000
0.013696
0.000000
0.008862
0.025781
0.026587
0.051563
0.039478
0.031421
0.088623
0.085400
0.058008
0.114404
0.093457
0.119238
0.141797
0.120850
0.120044
0.140186
0.198999
0.178052
0.230420
0.220752
0.247339
0.248145
0.241699
0.334351
0.339185
0.346436
0.411694
0.379468
0.367383
0.385107
0.445532
0.431030
0.401221
0.476953
0.443921
0.469702
0.473730
0.473730
0.476953
0.470508
0.476953
0.452783
0.409277
0.459229
0.408472
0.394775
0.355298
0.447144
0.327100
0.337573
0.347241
0.324683
0.223169
0.257813
0.225586
0.244922
0.229614
0.181274
0.181274
0.115210
0.164355
0.104736
0.068481
0.031421
0.067676
0.077344
0.020142
0.078149
0.000000
0.009668
0.016113
0.007251
0.000000
0.000000
0.000000
0.000000
0.000000
0.000000
0.000000
0.000000
0.000000
0.000000
0.000000
0.000000
0.058008
0.000000
0.000000
0.000000
0.000000
0.000000
0.000000
0.004028
0.000000
0.000000
0.008057
0.000000
0.000000
0.000000
0.000000
0.000000
0.000000
0.000000
0.000000
0.000000
0.000000
0.000000
0.004834
0.000000
0.000000
0.000000
0.000000
0.000000
0.000000
0.000000
0.000000
0.000000
0.000000
0.000000
0.000000
0.000000
0.001611
0.005640
0.022559
0.000000
0.000000
0.000000
0.009668
0.000000
0.037061
0.014502
0.066064
0.019336
0.000806
0.031421
0.065259
0.071704
0.074927
0.039478
0.112793
0.090234
0.127295
0.133740
0.107959
0.123267
0.161938
0.161133
0.142603
0.136157
0.128101
0.154687
0.234448
0.173218
0.203027
0.199805
0.207056
0.266675
0.243311
0.245728
0.232031
0.275537
0.231226
0.313403
0.290845
0.303735
0.270703
0.324683
0.292456
0.307764
0.324683
0.334351
0.243311
0.260229
0.287622
0.246533
0.271509
0.248950
0.257813
0.239282
0.257007
0.183691
0.236060
0.194165
0.158716
0.115210
0.148242
0.179663
0.148242
0.143408
0.110376
0.066064
0.080566
0.048340
0.074927
0.044312
0.089429
0.052368
0.045923
0.000000
0.000000
0.000000
0.000000
0.024170
0.000000
0.000000
0.000000
0.016113
0.000000
0.000000
0.000000
0.021753
0.000000
0.000000
0.000000
0.000000
0.000000
0.000000
0.000000
0.000000
0.000000
0.000000
0.000000
0.000000
0.000000
0.000000
0.000000
0.000000
0.000000
0.000000
0.000000
0.000000
0.000000
0.000000
0.000000
0.000000
0.000000
0.000000
0.007251
0.000000
0.000000
0.000000
0.000000
0.004834
0.000000
0.000000
0.000000
0.000000
0.000000
0.000000
0.000000
0.000000
0.000000
0.000000
0.000000
0.000000
0.000000
0.000000
0.000000
0.000000
0.000000
0.000000
0.000000
0.000000
0.000000
0.000000
0.000000
0.000000
0.000000
0.000000
0.000000
0.000000
0.000000
0.026587
0.000000
0.000000
0.000000
0.000000
0.000000
0.000000
0.000000
0.000000
0.000000
0.000000
0.000000
0.000000
0.000000
0.000000
0.000000
0.000000
0.000000
0.000000
0.000000
0.000000
0.010474
0.000000
0.000000
0.000000
0.000000
0.000000
0.000000
0.000000
0.000000
0.000000
0.000000
0.000000
0.000000
0.000000
0.000000
0.000000
0.000000
0.000000
0.000000
0.000000
0.000000
0.000000
0.000000
0.000000
0.000000
0.000000
0.000000
0.000000
0.000000
0.000000
0.000000
0.000000
0.000000
0.000000
0.000000
0.000000
0.000000
0.000000
0.000000
0.000000
0.000000
0.000000
0.126489
0.000000
0.000000
0.000000
0.000000
0.000000
0.000000
0.000000
0.000000
0.000000
0.000000
0.000000
0.000000
0.000000
0.000000
0.000000
0.000000
0.000000
0.000000
0.000000
0.000000
0.000000
0.000000
0.000000
0.007251
0.000000
0.000000
0.000000
0.000000
0.000000
0.000000
0.000000
0.000000
0.000000
0.000000
0.002417
0.000000
0.000000
0.000000
0.000000
0.000000
0.000000
0.000000
0.000000
0.000000
0.000000
0.000000
0.000000
0.000000
0.000000
0.000000
0.000000
0.000000
0.000000
0.000000
0.000000
0.000000
0.000000
0.000000
0.000000
0.000000
0.000000
0.000000
0.000000
0.000000
0.000000
0.000000
0.000000
0.000000
0.000000
0.000000
0.000000
0.000000
0.000000
0.011279
0.000000
0.000000
0.000000
0.000000
0.000000
0.015308
0.000000
0.000000
0.000000
0.000000
0.000000
0.000000
0.000000
0.000000
0.000000
0.000000
0.000000
0.000000
0.000000
0.000000
0.000000
0.000000
0.000000
0.000000
0.000000
0.000000
0.000000
0.000000
0.001611
0.000000
0.000000
0.000000
0.000000
0.000000
0.002417
0.000000
0.000000
0.000000
0.000000
0.000000
0.000000
0.000000
0.000000
0.000000
0.000000
0.000000
0.016919
0.000000
0.000000
0.000000
0.002417
0.005640
0.000000
0.000000
0.000000
0.000000
0.000000
0.000000
0.000000
0.000000
0.000000
0.000000
0.000000
0.000000
0.000000
0.000000
0.000000
0.000000
0.000000
0.000000
0.000000
0.000000
0.000000
0.000000
0.000000
0.000000
0.000000
0.000000
0.000000
0.000000
0.000000
0.000000
0.000000
0.000000
0.000000
0.000000
0.000000
0.000000
0.000000
0.000000
0.000000
0.000000
0.010474
0.000000
0.000000
0.000000
0.000000
0.000000
0.000000
0.000000
0.000000
0.000000
0.000000
0.000000
0.000000
0.000000
0.000000
0.000000
0.000000
0.000000
0.000000
0.000000
0.000000
0.000000
0.000000
0.000000
0.000000
0.000000
0.000000
0.000000
0.000000
0.000000
0.000000
0.000000
0.000000
0.000000
0.000000
0.000000
0.000000
0.000000
0.000000
0.000000
0.000000
0.000000
0.000000
0.000000
0.000000
0.000000
0.000000
0.000000
0.000000
0.000000
0.000000
0.000000
0.000000
0.001611
0.000000
0.005640
0.000000
0.000000
0.000000
0.000000
0.000000
0.000000
0.000000
0.000000
0.000000
0.000000
0.000000
0.000000
0.000000
0.000000
0.000000
0.000000
0.000000
0.000000
0.000000
0.000000
0.000000
0.000000
0.000000
0.000000
0.000000
0.000000
0.000000
0.000000
0.000000
0.000000
0.000000
0.000000
0.000000
0.000000
0.000000
0.000000
0.000000
0.000000
0.000000
0.000000
0.000000
0.000000
0.000000
0.000000
0.000000
0.000000
0.000000
0.000000
0.000000
0.000000
0.000000
0.000000
0.000000
0.000000
0.000000
0.000000
0.000000
0.000000
0.000000
0.000000
0.000000
0.000000
0.000000
0.000000
0.000000
0.000000
0.000000
0.000000
0.000000
0.000000
0.000000
0.000000
0.000000
0.000000
0.000000
0.000000
0.000000
0.000000
0.000000
0.000000
0.000000
0.000000
0.000000
0.000000
0.000000
0.000000
0.000000
0.000000
0.000000
0.000000
0.012085
0.000000
0.000000
0.003223
0.000000
0.000000
0.000000
0.000000
0.000000
0.000000
0.000000
0.000000
0.000000
0.000000
0.008862
0.000000
0.000000
0.000000
0.000000
0.000000
0.000000
0.000000
0.000000
0.000000
0.000000
0.000000
0.000000
0.000000
0.000000
0.000000
0.000000
0.000000
0.000000
0.000000
0.000000
0.000000
0.000000
0.000000
0.000000
0.000000
0.000000
0.000000
0.000000
0.000000
0.000000
0.000000
0.000000
0.000000
0.000806
0.000000
0.000000
0.000000
0.000000
0.000000
0.000000
0.000000
0.000000
0.000000
0.000000
0.000000
0.000000
0.000000
0.000000
0.000000
0.000000
0.000000
0.000000
0.000000
0.000000
0.000000
0.000000
0.000000
0.000000
0.000000
0.000000
0.000000
0.000000
0.000000
0.000000
0.000000
0.000000
0.000000
0.000000
0.000000
0.000000
0.000806
0.000000
0.000000
0.000000
0.000000
0.000000
0.000000
0.000000
0.000000
0.000000
0.000000
0.000000
0.000000
0.000000
0.000000
0.000000
0.000000
0.000000
0.000000
0.013696
0.000000
0.000000
0.000000
0.000000
0.000000
0.000000
0.000000
0.000000
0.000000
0.000000
0.000000
0.000000
0.000000
0.000000
0.000000
0.000000
0.000000
0.000000
0.000000
0.000000
0.000000
0.000000
0.000000
0.000000
0.000000
0.000000
0.000000
0.000000
0.000000
0.000000
0.000000
0.000000
0.000000
0.000000
0.000000
0.000000
0.000000
0.000000
0.000000
0.000000
0.000000
0.000000
0.000000
0.000000
0.000000
0.000000
0.000000
0.000000
0.000000
0.000000
0.000000
0.000000
0.000000
0.000000
0.000000
0.000000
0.000000
0.000000
0.000000
0.000000
0.000000
0.000000
0.000000
0.000000
0.000000
0.000000
0.000000
0.000000
0.000000
0.000000
0.000000
0.000000
0.000000
0.000000
0.000000
0.000000
0.000000
0.000000
0.000000
0.000000
0.000000
0.000000
0.000000
0.000000
0.000000
0.000000
0.000000
0.000000
0.000000
0.000806
0.000000
0.000000
0.000000
0.000000
0.000000
0.000000
0.000000
0.000000
0.000000
0.000000
0.000000
0.000000
0.000000
0.000000
0.000000
0.000000
0.000000
0.000000
0.000000
0.000000
0.000000
0.000000
0.000000
0.000000
0.000000
0.000000
0.000000
0.000000
0.000000
0.000000
0.000000
0.000000
0.000000
0.000000
0.008057
0.000000
0.003223
0.000000
0.000000
0.000000
0.000000
0.000000
0.000000
0.000000
0.000000
0.000000
0.000000
0.000000
0.000000
0.000000
0.000000
0.000000
0.000000
0.000000
0.000000
0.000000
0.000000
0.004028
0.000000
0.000000
0.000000
0.000000
0.000000
0.000000
0.000000
0.000000
0.000000
0.000000
0.002417
0.000000
0.000000
0.000000
0.000000
0.008057
0.000000
0.000000
0.000000
0.000000
0.005640
0.000000
0.000000
0.000000
0.000000
0.000000
0.000000
0.000000
0.000000
0.000000
0.000000
0.000000
0.000000
0.000000
0.000000
0.000000
0.000000
0.000000
0.000000
0.000000
0.013696
0.000000
0.021753
0.036255
0.070093
0.000000
0.091846
0.091846
0.051563
0.072510
0.105542
0.146631
0.159521
0.161133
0.153882
0.175635
0.187720
0.264258
0.257007
0.245728
0.285205
0.331934
0.378662
0.399609
0.387524
0.442310
0.464868
0.521265
0.542212
0.566382
0.613916
0.639697
0.621167
0.704150
0.708984
0.696094
0.729126
0.806470
0.772632
0.792773
0.810498
0.858838
0.838696
0.853198
0.918457
0.950684
0.901538
0.950684
0.873340
0.937793
0.855615
0.847559
0.831445
0.816138
0.849976
0.795996
0.718652
0.725903
0.703345
0.675146
0.619556
0.638086
0.546240
0.585718
0.531738
0.483398
0.445532
0.469702
0.396387
0.380273
0.381885
0.357715
0.290845
0.268286
0.315015
0.203833
0.212695
0.207861
0.164355
0.156299
0.146631
0.090234
0.043506
0.050757
0.090234
0.001611
0.058813
0.041089
0.045923
0.018530
0.000000
0.000000
0.016919
0.000000
0.000000
0.000000
0.000000
0.000000
0.000000
0.000000
0.000000
0.004834
0.000000
0.000000
0.000000
0.000000
0.000000
0.000000
0.000000
0.000000
0.000000
0.000000
0.000000
0.000000
0.000000
0.000000
0.000000
0.000000
0.000000
0.000000
0.000000
0.002417
0.000000
0.000000
0.000000
0.000000
0.000000
0.000000
0.000000
0.000000
0.000000
0.000000
0.000000
0.009668
0.000000
0.000000
0.000000
0.000000
0.000000
0.000000
0.000000
0.000000
0.000000
0.000000
0.000806
0.000000
0.008862
0.000000
0.000000
0.000000
0.000000
0.000000
0.000000
0.000000
0.000000
0.000000
0.000000
0.000000
0.000000
0.000000
0.000000
0.000000
0.000000
0.000000
0.000000
0.000000
0.000000
0.000000
0.000000
0.000000
0.000000
0.000000
0.000000
0.000000
0.000000
0.000000
0.000000
0.000000
0.000000
0.000000
0.000000
0.000000
0.000000
0.000000
0.000000
0.000000
0.000000
0.000000
0.000000
0.000000
0.000000
0.000000
0.000000
0.000000
0.000000
0.000000
0.000000
0.000000
0.000000
0.000000
0.000000
0.000000
0.000000
0.000000
0.000000
0.000000
0.000000
0.000000
0.000000
0.000000
0.000000
0.000000
0.000000
0.000000
0.000000
0.000000
0.000000
0.000000
0.000000
0.000000
0.000000
0.000000
0.000000
0.000000
0.000000
0.004028
0.000000
0.000000
0.000000
0.000000
0.000000
0.000000
0.000000
0.000000
0.000000
0.000000
0.000000
0.000000
0.000000
0.000000
0.000000
0.000000
0.000000
0.000000
0.006445
0.000000
0.000000
0.000000
0.000000
0.000000
0.000000
0.000000
0.000000
0.000000
0.000000
0.000000
0.000000
0.000000
0.000000
0.000000
0.000000
0.000000
0.000000
0.000000
0.000000
0.000000
0.000000
0.000000
0.000000
0.000000
0.000000
0.000000
0.000000
0.000000
0.000000
0.000000
0.000000
0.000000
0.000000
0.000000
0.000000
0.000000
0.000000
0.000000
0.000000
0.000000
0.000000
0.000000
0.000000
0.000000
0.006445
0.000000
0.000000
0.000000
0.000000
0.018530
0.000000
0.000000
0.000000
0.000000
0.000000
0.000000
0.011279
0.000000
0.011279
0.000000
0.000000
0.000000
0.000000
0.000000
0.000000
0.000000
0.000000
0.013696
0.001611
0.000000
0.000000
0.000000
0.000000
0.000000
0.000000
0.000000
0.000000
0.000000
0.000000
0.000000
0.000000
0.000000
0.000000
0.000000
0.000000
0.000000
0.000000
0.000000
0.000000
0.000000
0.000000
0.000000
0.000000
0.000000
0.000000
0.000000
0.000000
0.000000
0.000000
0.000000
0.000000
0.000000
0.000000
0.000000
0.000000
0.000000
0.020947
0.000000
0.000000
0.000000
0.000000
0.000000
0.000000
0.000000
0.000000
0.000000
0.007251
0.000000
0.000000
0.000000
0.000000
0.000000
0.000000
0.001611
0.000000
0.000000
0.000000
0.000000
0.000000
0.000000
0.000000
0.011279
0.000000
0.000000
0.000000
0.000000
0.000000
0.000000
0.000000
0.000000
0.000000
0.000000
0.000000
0.000000
0.000000
0.000000
0.000000
0.000000
0.000000
0.000000
0.000000
0.000000
0.000000
0.000000
0.000000
0.000000
0.000000
0.000000
0.000000
0.000000
0.000000
0.000000
0.000000
0.000000
0.000000
0.000000
0.000000
0.000000
0.000000
0.000000
0.000000
0.000000
0.000000
0.000000
0.000000
0.000000
0.000000
0.000000
0.000000
0.000000
0.005640
0.000000
0.000000
0.000000
0.000000
0.000000
0.000000
0.000000
0.000000
0.000000
0.000000
0.000000
0.000000
0.000000
0.000000
0.000000
0.000000
0.000000
0.000000
0.000000
0.000000
0.000000
0.000000
0.000000
0.000000
0.000000
0.002417
0.000000
0.000000
0.000000
0.000000
0.000000
0.000000
0.000000
0.000000
0.000000
0.000000
0.000000
0.000000
0.000000
0.000000
0.000000
0.000000
0.000000
0.000000
0.000000
0.000000
0.000000
0.000000
0.000000
0.002417
0.000000
0.000000
0.000000
0.000000
0.000000
0.000000
0.000000
0.000000
0.000000
0.000000
0.000000
0.000000
0.000000
0.000000
0.000000
0.000000
0.000000
0.000000
0.000000
0.000000
0.000000
0.000000
0.000000
0.000000
0.000000
0.000000
0.000000
0.000000
0.000000
0.000000
0.000000
0.000000
0.000000
0.000000
0.000000
0.000000
0.000000
0.000000
0.000000
0.000000
0.000000
0.000000
0.000000
0.000000
0.000000
0.000000
0.001611
0.000000
0.000000
0.000000
0.000000
0.012891
0.000000
0.000806
0.000000
0.000000
0.000000
0.000000
0.000000
0.000000
0.000000
0.000000
0.000000
0.000000
0.000000
0.000000
0.018530
0.001611
0.000000
0.000000
0.000000
0.000000
0.000000
0.026587
0.000000
0.027393
0.037061
0.037061
0.052368
0.062842
0.055591
0.041089
0.071704
0.049146
0.065259
0.023364
0.039478
0.116016
0.091040
0.094263
0.114404
0.121655
0.064453
0.096680
0.123267
0.082178
0.093457
0.105542
0.087817
0.142603
0.110376
0.107153
0.100708
0.158716
0.134546
0.158716
0.128906
0.078149
0.123267
0.155493
0.166772
0.184497
0.172412
0.152271
0.166772
0.203027
0.154687
0.222363
0.168384
0.193359
0.208667
0.265063
0.243311
0.250562
0.263452
0.264258
0.308569
0.259424
0.308569
0.269092
0.323071
0.277148
0.311792
0.363354
0.306958
0.381079
0.288428
0.380273
0.354492
0.408472
0.440698
0.393970
0.443115
0.440698
0.460840
0.427808
0.469702
0.505151
0.509985
0.471313
0.460840
0.512402
0.508374
0.474536
0.486621
0.480981
0.513208
0.492261
0.492261
0.447949
0.411694
0.434253
0.356909
0.389136
0.368188
0.346436
0.308569
0.293262
0.290039
0.266675
0.269092
0.231226
0.240894
0.134546
0.232837
0.153882
0.182886
0.116016
0.161938
0.043506
0.067676
0.074121
0.082983
0.026587
0.037061
0.027393
0.000000
0.036255
0.000000
0.000000
0.000000
0.006445
0.000000
0.014502
0.000000
0.000000
0.000000
0.000000
0.000000
0.000000
0.000000
0.000000
0.000000
0.000000
0.000000
0.000000
0.000000
0.000000
0.000000
0.000000
0.000000
0.000000
0.000000
0.000000
0.000000
0.000000
0.000000
0.000000
0.000000
0.000000
0.000000
0.000000
0.002417
0.000000
0.000000
0.000000
0.000000
0.000000
0.000000
0.000000
0.000000
0.000000
0.000000
0.000000
0.000000
0.000000
0.000000
0.000000
0.000000
0.000000
0.000000
0.000000
0.000000
0.010474
0.000000
0.000000
0.000000
0.000000
0.000000
0.006445
0.000000
0.000000
0.000000
0.007251
0.000000
0.000000
0.000000
0.000000
0.000000
0.000000
0.000000
0.000000
0.000000
0.000000
0.000000
0.000000
0.000000
0.000000
0.000000
0.000000
0.000000
0.000000
0.000000
0.000000
0.000000
0.000000
0.000000
0.000000
0.000000
0.000000
0.000000
0.000000
0.000000
0.000000
0.000000
0.000000
0.000000
0.000000
0.000806
0.000000
0.000000
0.000000
0.000000
0.000000
0.000000
0.000000
0.000000
0.000000
0.000000
0.000000
0.000000
0.000000
0.000000
0.000000
0.000000
0.000000
0.000000
0.000000
0.000000
0.000000
0.000000
0.000000
0.009668
0.000000
0.000000
0.000000
0.000000
0.000000
0.000000
0.000000
0.000000
0.000000
